0.0
0.0
0.012890625
0.0
0.0
0.0
0.012890625
0.02578125
0.02578125
0.02578125
0.02578125
0.012890625
0.012890625
0.038671874999999994
0.012890625
0.02578125
0.02578125
0.02578125
0.012890625
0.038671874999999994
0.038671874999999994
0.038671874999999994
0.012890625
0.02578125
0.0515625
0.038671874999999994
0.038671874999999994
0.038671874999999994
0.064453125
0.038671874999999994
0.064453125
0.064453125
0.038671874999999994
0.0515625
0.0515625
0.064453125
0.07734374999999999
0.064453125
0.09023437499999999
0.09023437499999999
0.09023437499999999
0.09023437499999999
0.07734374999999999
0.064453125
0.09023437499999999
0.09023437499999999
0.07734374999999999
0.09023437499999999
0.09023437499999999
0.09023437499999999
0.09023437499999999
0.09023437499999999
0.103125
0.09023437499999999
0.09023437499999999
0.103125
0.09023437499999999
0.09023437499999999
0.103125
0.09023437499999999
0.116015625
0.09023437499999999
0.09023437499999999
0.12890625
0.116015625
0.141796875
0.116015625
0.12890625
0.141796875
0.12890625
0.15468749999999998
0.12890625
0.141796875
0.141796875
0.15468749999999998
0.141796875
0.15468749999999998
0.167578125
0.15468749999999998
0.141796875
0.141796875
0.141796875
0.18046874999999998
0.18046874999999998
0.167578125
0.15468749999999998
0.167578125
0.167578125
0.15468749999999998
0.167578125
0.18046874999999998
0.167578125
0.15468749999999998
0.18046874999999998
0.18046874999999998
0.167578125
0.18046874999999998
0.193359375
0.193359375
0.193359375
0.18046874999999998
0.193359375
0.193359375
0.193359375
0.193359375
0.193359375
0.193359375
0.193359375
0.193359375
0.193359375
0.193359375
0.193359375
0.193359375
0.193359375
0.21914062499999998
0.193359375
0.193359375
0.20625
0.24492187499999998
0.193359375
0.193359375
0.193359375
0.21914062499999998
0.193359375
0.23203125
0.23203125
0.21914062499999998
0.21914062499999998
0.23203125
0.24492187499999998
0.23203125
0.24492187499999998
0.24492187499999998
0.24492187499999998
0.24492187499999998
0.2578125
0.24492187499999998
0.2578125
0.2578125
0.270703125
0.28359375
0.2578125
0.2578125
0.270703125
0.2578125
0.28359375
0.270703125
0.270703125
0.270703125
0.28359375
0.28359375
0.28359375
0.28359375
0.270703125
0.29648437499999997
0.30937499999999996
0.30937499999999996
0.29648437499999997
0.29648437499999997
0.29648437499999997
0.30937499999999996
0.30937499999999996
0.30937499999999996
0.30937499999999996
0.30937499999999996
0.29648437499999997
0.30937499999999996
0.322265625
0.30937499999999996
0.30937499999999996
0.30937499999999996
0.30937499999999996
0.30937499999999996
0.30937499999999996
0.322265625
0.33515625
0.33515625
0.30937499999999996
0.30937499999999996
0.322265625
0.322265625
0.33515625
0.322265625
0.322265625
0.36093749999999997
0.33515625
0.348046875
0.348046875
0.33515625
0.36093749999999997
0.36093749999999997
0.348046875
0.348046875
0.348046875
0.36093749999999997
0.36093749999999997
0.36093749999999997
0.36093749999999997
0.36093749999999997
0.36093749999999997
0.38671875
0.37382812499999996
0.37382812499999996
0.36093749999999997
0.37382812499999996
0.38671875
0.37382812499999996
0.37382812499999996
0.38671875
0.38671875
0.38671875
0.38671875
0.38671875
0.38671875
0.37382812499999996
0.38671875
0.38671875
0.399609375
0.38671875
0.399609375
0.399609375
0.399609375
0.399609375
0.399609375
0.399609375
0.399609375
0.399609375
0.399609375
0.399609375
0.399609375
0.399609375
0.399609375
0.399609375
0.399609375
0.399609375
0.399609375
0.399609375
0.399609375
0.399609375
0.399609375
0.399609375
0.399609375
0.399609375
0.399609375
0.399609375
0.399609375
0.399609375
0.399609375
0.399609375
0.399609375
0.399609375
0.399609375
0.399609375
0.399609375
0.451171875
0.399609375
0.451171875
0.399609375
0.4640625
0.451171875
0.399609375
0.476953125
0.4640625
0.451171875
0.4640625
0.4640625
0.476953125
0.48984374999999997
0.48984374999999997
0.48984374999999997
0.48984374999999997
0.48984374999999997
0.48984374999999997
0.476953125
0.48984374999999997
0.476953125
0.48984374999999997
0.476953125
0.48984374999999997
0.48984374999999997
0.48984374999999997
0.502734375
0.502734375
0.502734375
0.515625
0.48984374999999997
0.502734375
0.48984374999999997
0.502734375
0.502734375
0.48984374999999997
0.502734375
0.5285156249999999
0.515625
0.515625
0.5285156249999999
0.502734375
0.5285156249999999
0.515625
0.5285156249999999
0.5285156249999999
0.5285156249999999
0.515625
0.502734375
0.5285156249999999
0.54140625
0.54140625
0.54140625
0.5285156249999999
0.5285156249999999
0.5285156249999999
0.554296875
0.5671875
0.554296875
0.554296875
0.554296875
0.54140625
0.5671875
0.54140625
0.554296875
0.554296875
0.5671875
0.5671875
0.580078125
0.5671875
0.5671875
0.554296875
0.5929687499999999
0.580078125
0.580078125
0.5671875
0.580078125
0.5929687499999999
0.5671875
0.6187499999999999
0.580078125
0.580078125
0.6187499999999999
0.580078125
0.6187499999999999
0.580078125
0.6187499999999999
0.5929687499999999
0.5929687499999999
0.5929687499999999
0.5929687499999999
0.605859375
0.6187499999999999
0.6187499999999999
0.5929687499999999
0.6187499999999999
0.6187499999999999
0.6187499999999999
0.631640625
0.6187499999999999
0.6187499999999999
0.6187499999999999
0.6187499999999999
0.631640625
0.6187499999999999
0.631640625
0.631640625
0.631640625
0.6187499999999999
0.6187499999999999
0.64453125
0.6187499999999999
0.631640625
0.64453125
0.6574218749999999
0.631640625
0.631640625
0.6187499999999999
0.6574218749999999
0.631640625
0.64453125
0.64453125
0.64453125
0.6574218749999999
0.64453125
0.64453125
0.64453125
0.6574218749999999
0.6703125
0.6703125
0.6574218749999999
0.6574218749999999
0.6703125
0.6574218749999999
0.6574218749999999
0.6703125
0.6574218749999999
0.6574218749999999
0.6832031249999999
0.6574218749999999
0.6832031249999999
0.6832031249999999
0.6832031249999999
0.6703125
0.6703125
0.6703125
0.6832031249999999
0.708984375
0.6832031249999999
0.7218749999999999
0.708984375
0.69609375
0.69609375
0.7218749999999999
0.69609375
0.7218749999999999
0.69609375
0.7218749999999999
0.708984375
0.7218749999999999
0.708984375
0.7218749999999999
0.708984375
0.7218749999999999
0.7218749999999999
0.7218749999999999
0.7218749999999999
0.734765625
0.7218749999999999
0.734765625
0.734765625
0.734765625
0.7218749999999999
0.7218749999999999
0.7218749999999999
0.7218749999999999
0.7476562499999999
0.734765625
0.734765625
0.7476562499999999
0.7476562499999999
0.7476562499999999
0.734765625
0.734765625
0.760546875
0.734765625
0.734765625
0.7476562499999999
0.734765625
0.760546875
0.7476562499999999
0.760546875
0.760546875
0.7734375
0.760546875
0.760546875
0.7734375
0.760546875
0.7476562499999999
0.7734375
0.760546875
0.7734375
0.7734375
0.7734375
0.7734375
0.760546875
0.7734375
0.7863281249999999
0.7734375
0.7863281249999999
0.79921875
0.7734375
0.7863281249999999
0.79921875
0.79921875
0.79921875
0.79921875
0.8121093749999999
0.7863281249999999
0.7863281249999999
0.7863281249999999
0.79921875
0.7863281249999999
0.79921875
0.8121093749999999
0.8121093749999999
0.79921875
0.79921875
0.79921875
0.8121093749999999
0.8121093749999999
0.8121093749999999
0.79921875
0.8121093749999999
0.8121093749999999
0.8121093749999999
0.8121093749999999
0.8121093749999999
0.8121093749999999
0.8121093749999999
0.8121093749999999
0.8121093749999999
0.8121093749999999
0.8121093749999999
0.8121093749999999
0.8121093749999999
0.8121093749999999
0.8121093749999999
0.8121093749999999
0.8121093749999999
0.8121093749999999
0.8121093749999999
0.8121093749999999
0.8121093749999999
0.8121093749999999
0.8121093749999999
0.8121093749999999
0.8121093749999999
0.8121093749999999
0.8121093749999999
0.8121093749999999
0.8121093749999999
0.8121093749999999
0.8121093749999999
0.8121093749999999
0.8121093749999999
0.8121093749999999
0.8121093749999999
0.8121093749999999
0.8121093749999999
0.8121093749999999
0.8121093749999999
0.8121093749999999
0.8121093749999999
0.8121093749999999
0.8765624999999999
0.8121093749999999
0.8121093749999999
0.8121093749999999
0.8121093749999999
0.8121093749999999
0.8121093749999999
0.8121093749999999
0.8121093749999999
0.8121093749999999
0.8121093749999999
0.90234375
0.8121093749999999
0.8765624999999999
0.889453125
0.889453125
0.8121093749999999
0.8121093749999999
0.8121093749999999
0.889453125
0.889453125
0.90234375
0.8121093749999999
0.9152343749999999
0.9152343749999999
0.889453125
0.9152343749999999
0.889453125
0.90234375
0.8121093749999999
0.8121093749999999
0.9152343749999999
0.9152343749999999
0.8121093749999999
0.9152343749999999
0.9152343749999999
0.8121093749999999
0.9152343749999999
0.928125
0.9152343749999999
0.928125
0.9152343749999999
0.9152343749999999
0.9152343749999999
0.928125
0.9152343749999999
0.928125
0.9152343749999999
0.9152343749999999
0.9410156249999999
0.9410156249999999
0.9410156249999999
0.9410156249999999
0.928125
0.9152343749999999
0.95390625
0.9152343749999999
0.928125
0.9410156249999999
0.95390625
0.966796875
0.95390625
0.9410156249999999
0.966796875
0.966796875
0.966796875
0.95390625
0.966796875
0.966796875
0.9410156249999999
0.9796874999999999
0.966796875
0.9796874999999999
0.9796874999999999
0.966796875
0.9796874999999999
0.992578125
0.9796874999999999
0.9796874999999999
0.9796874999999999
0.9796874999999999
1.00546875
1.00546875
0.992578125
0.966796875
0.992578125
0.992578125
0.992578125
0.9796874999999999
0.9796874999999999
0.992578125
0.992578125
0.992578125
0.992578125
1.018359375
0.992578125
1.00546875
0.992578125
0.992578125
1.018359375
1.018359375
1.00546875
1.018359375
1.018359375
1.00546875
1.018359375
1.018359375
1.018359375
1.018359375
0.992578125
1.018359375
1.018359375
1.018359375
1.018359375
1.018359375
1.018359375
1.018359375
1.018359375
1.018359375
1.018359375
1.018359375
1.018359375
1.018359375
1.018359375
1.018359375
1.03125
1.044140625
1.018359375
1.018359375
1.018359375
1.018359375
1.03125
1.018359375
1.0570312499999999
1.018359375
1.044140625
1.018359375
1.044140625
1.018359375
1.044140625
1.069921875
1.044140625
1.018359375
1.0570312499999999
1.044140625
1.044140625
1.0570312499999999
1.0570312499999999
1.0570312499999999
1.0570312499999999
1.069921875
1.0570312499999999
1.0828125
1.069921875
1.069921875
1.069921875
1.0828125
1.0570312499999999
1.0828125
1.069921875
1.0828125
1.069921875
1.0828125
1.095703125
1.0828125
1.095703125
1.069921875
1.095703125
1.10859375
1.1214843749999999
1.095703125
1.10859375
1.10859375
1.10859375
1.10859375
1.095703125
1.10859375
1.1214843749999999
1.10859375
1.10859375
1.1214843749999999
1.134375
1.10859375
1.1214843749999999
1.10859375
1.134375
1.1214843749999999
1.10859375
1.134375
1.134375
1.134375
1.1214843749999999
1.1214843749999999
1.134375
1.134375
1.134375
1.134375
1.134375
1.134375
1.1214843749999999
1.134375
1.1214843749999999
1.1214843749999999
1.147265625
1.134375
1.134375
1.147265625
1.134375
1.134375
1.134375
1.134375
1.134375
1.147265625
1.134375
1.134375
1.134375
1.134375
1.147265625
1.147265625
1.134375
1.173046875
1.16015625
1.173046875
1.16015625
1.173046875
1.1859374999999999
1.147265625
1.173046875
1.173046875
1.16015625
1.16015625
1.147265625
1.16015625
1.173046875
1.16015625
1.173046875
1.1859374999999999
1.173046875
1.1859374999999999
1.173046875
1.1859374999999999
1.1859374999999999
1.173046875
1.1859374999999999
1.1859374999999999
1.1859374999999999
1.173046875
1.198828125
1.1859374999999999
1.198828125
1.2374999999999998
1.2374999999999998
1.2374999999999998
1.2374999999999998
1.2374999999999998
1.1859374999999999
1.2374999999999998
1.21171875
1.198828125
1.2374999999999998
1.2374999999999998
1.2374999999999998
1.1859374999999999
1.21171875
1.21171875
1.21171875
1.2374999999999998
1.2374999999999998
1.2374999999999998
1.2374999999999998
1.2374999999999998
1.2374999999999998
1.2374999999999998
1.2374999999999998
1.2374999999999998
1.2374999999999998
1.2374999999999998
1.2374999999999998
1.2374999999999998
1.2374999999999998
1.2374999999999998
1.2374999999999998
1.2374999999999998
1.2374999999999998
1.2374999999999998
1.2374999999999998
1.2374999999999998
1.2374999999999998
1.2374999999999998
1.2374999999999998
1.2374999999999998
1.2374999999999998
1.2374999999999998
1.2374999999999998
1.2503906249999999
1.2374999999999998
1.2503906249999999
1.2503906249999999
1.2503906249999999
1.2503906249999999
1.26328125
1.2503906249999999
1.2503906249999999
1.2503906249999999
1.26328125
1.2503906249999999
1.2503906249999999
1.2503906249999999
1.2503906249999999
1.2374999999999998
1.2503906249999999
1.26328125
1.276171875
1.276171875
1.276171875
1.26328125
1.276171875
1.2503906249999999
1.276171875
1.276171875
1.276171875
1.276171875
1.276171875
1.2890625
1.276171875
1.276171875
1.276171875
1.276171875
1.276171875
1.276171875
1.276171875
1.276171875
1.276171875
1.2890625
1.276171875
1.276171875
1.2890625
1.2890625
1.276171875
1.276171875
1.3019531249999998
1.2890625
1.276171875
1.276171875
1.3148437499999999
1.3148437499999999
1.3148437499999999
1.2890625
1.3148437499999999
1.3148437499999999
1.3019531249999998
1.3019531249999998
1.327734375
1.3019531249999998
1.3019531249999998
1.3019531249999998
1.3148437499999999
1.3148437499999999
1.3019531249999998
1.327734375
1.3148437499999999
1.327734375
1.327734375
1.327734375
1.3148437499999999
1.327734375
1.3148437499999999
1.3148437499999999
1.3148437499999999
1.327734375
1.327734375
1.327734375
1.327734375
1.327734375
1.327734375
1.327734375
1.327734375
1.340625
1.340625
1.327734375
1.327734375
1.340625
1.327734375
1.327734375
1.353515625
1.327734375
1.353515625
1.353515625
1.327734375
1.3664062499999998
1.353515625
1.327734375
1.340625
1.340625
1.353515625
1.353515625
1.3664062499999998
1.353515625
1.353515625
1.3664062499999998
1.3664062499999998
1.340625
1.3664062499999998
1.3792968749999999
1.3664062499999998
1.353515625
1.353515625
1.353515625
1.3664062499999998
1.3664062499999998
1.3664062499999998
1.3664062499999998
1.3664062499999998
1.353515625
1.3792968749999999
1.3921875
1.3921875
1.3921875
1.3921875
1.3921875
1.3664062499999998
1.3792968749999999
1.3792968749999999
1.3921875
1.3921875
1.3921875
1.3921875
1.3792968749999999
1.3921875
1.405078125
1.3921875
1.3792968749999999
1.3921875
1.405078125
1.3921875
1.4437499999999999
1.4437499999999999
1.41796875
1.41796875
1.41796875
1.4437499999999999
1.405078125
1.405078125
1.41796875
1.4437499999999999
1.405078125
1.41796875
1.4308593749999998
1.41796875
1.405078125
1.41796875
1.41796875
1.4437499999999999
1.4437499999999999
1.4437499999999999
1.4437499999999999
1.4437499999999999
1.4308593749999998
1.41796875
1.4437499999999999
1.4437499999999999
1.4437499999999999
1.4437499999999999
1.4437499999999999
1.4437499999999999
1.4437499999999999
1.4437499999999999
1.4308593749999998
1.4437499999999999
1.4437499999999999
1.4437499999999999
1.4437499999999999
1.4437499999999999
1.4437499999999999
1.4437499999999999
1.456640625
1.4437499999999999
1.4437499999999999
1.4437499999999999
1.4437499999999999
1.4437499999999999
1.4437499999999999
1.4437499999999999
1.4437499999999999
1.4437499999999999
1.4437499999999999
1.4437499999999999
1.4437499999999999
1.4437499999999999
1.456640625
1.4437499999999999
1.4437499999999999
1.4437499999999999
1.4437499999999999
1.46953125
1.456640625
1.46953125
1.456640625
1.456640625
1.46953125
1.4437499999999999
1.46953125
1.46953125
1.46953125
1.482421875
1.456640625
1.4437499999999999
1.456640625
1.456640625
1.456640625
1.456640625
1.482421875
1.46953125
1.46953125
1.46953125
1.456640625
1.46953125
1.456640625
1.46953125
1.456640625
1.482421875
1.482421875
1.482421875
1.4953124999999998
1.46953125
1.482421875
1.4953124999999998
1.4953124999999998
1.482421875
1.46953125
1.482421875
1.5082031249999999
1.482421875
1.5082031249999999
1.4953124999999998
1.4953124999999998
1.4953124999999998
1.482421875
1.482421875
1.4953124999999998
1.4953124999999998
1.4953124999999998
1.52109375
1.4953124999999998
1.4953124999999998
1.5082031249999999
1.4953124999999998
1.4953124999999998
1.4953124999999998
1.482421875
1.5082031249999999
1.4953124999999998
1.52109375
1.5082031249999999
1.52109375
1.52109375
1.52109375
1.52109375
1.5082031249999999
1.546875
1.533984375
1.533984375
1.52109375
1.52109375
1.546875
1.52109375
1.5082031249999999
1.533984375
1.546875
1.546875
1.52109375
1.5082031249999999
1.546875
1.546875
1.52109375
1.533984375
1.52109375
1.546875
1.546875
1.52109375
1.533984375
1.533984375
1.5597656249999998
1.546875
1.546875
1.546875
1.546875
1.533984375
1.546875
1.546875
1.546875
1.546875
1.546875
1.546875
1.546875
1.5597656249999998
1.546875
1.546875
1.5597656249999998
1.5597656249999998
1.5726562499999999
1.5597656249999998
1.5597656249999998
1.5597656249999998
1.546875
1.5726562499999999
1.5597656249999998
1.5726562499999999
1.5726562499999999
1.546875
1.5726562499999999
1.5597656249999998
1.585546875
1.5726562499999999
1.5597656249999998
1.5597656249999998
1.5597656249999998
1.5597656249999998
1.5726562499999999
1.5597656249999998
1.5726562499999999
1.5726562499999999
1.5984375
1.5726562499999999
1.5726562499999999
1.5597656249999998
1.585546875
1.5597656249999998
1.585546875
1.5726562499999999
1.585546875
1.585546875
1.585546875
1.5984375
1.5984375
1.585546875
1.5984375
1.585546875
1.585546875
1.5984375
1.5726562499999999
1.585546875
1.585546875
1.611328125
1.585546875
1.5984375
1.5984375
1.611328125
1.5984375
1.5984375
1.5984375
1.5984375
1.5984375
1.5984375
1.5984375
1.5984375
1.5984375
1.611328125
1.5984375
1.611328125
1.611328125
1.6242187499999998
1.611328125
1.611328125
1.6242187499999998
1.5984375
1.611328125
1.611328125
1.611328125
1.6242187499999998
1.5984375
1.611328125
1.611328125
1.5984375
1.611328125
1.611328125
1.611328125
1.6371093749999999
1.611328125
1.6242187499999998
1.6242187499999998
1.6242187499999998
1.6242187499999998
1.6242187499999998
1.6371093749999999
1.6242187499999998
1.6242187499999998
1.6242187499999998
1.6242187499999998
1.65
1.6371093749999999
1.6371093749999999
1.65
1.6371093749999999
1.6371093749999999
1.6371093749999999
1.6371093749999999
1.6371093749999999
1.6371093749999999
1.6371093749999999
1.65
1.6371093749999999
1.6371093749999999
1.65
1.65
1.6371093749999999
1.6371093749999999
1.6371093749999999
1.65
1.662890625
1.65
1.6371093749999999
1.65
1.6371093749999999
1.65
1.6371093749999999
1.65
1.662890625
1.65
1.65
1.65
1.65
1.662890625
1.65
1.65
1.65
1.65
1.65
1.662890625
1.65
1.662890625
1.65
1.65
1.662890625
1.65
1.662890625
1.65
1.67578125
1.662890625
1.662890625
1.67578125
1.662890625
1.662890625
1.67578125
1.67578125
1.6886718749999998
1.662890625
1.67578125
1.662890625
1.67578125
1.662890625
1.6886718749999998
1.6886718749999998
1.6886718749999998
1.662890625
1.662890625
1.6886718749999998
1.662890625
1.6886718749999998
1.67578125
1.67578125
1.7015624999999999
1.6886718749999998
1.6886718749999998
1.6886718749999998
1.67578125
1.7015624999999999
1.6886718749999998
1.7015624999999999
1.6886718749999998
1.6886718749999998
1.7015624999999999
1.6886718749999998
1.6886718749999998
1.7015624999999999
1.6886718749999998
1.6886718749999998
1.7015624999999999
1.7015624999999999
1.6886718749999998
1.714453125
1.7015624999999999
1.7015624999999999
1.714453125
1.7015624999999999
1.7015624999999999
1.72734375
1.7015624999999999
1.714453125
1.72734375
1.714453125
1.714453125
1.7015624999999999
1.72734375
1.72734375
1.72734375
1.714453125
1.714453125
1.72734375
1.72734375
1.72734375
1.714453125
1.72734375
1.72734375
1.714453125
1.714453125
1.714453125
1.714453125
1.714453125
1.72734375
1.714453125
1.72734375
1.72734375
1.714453125
1.740234375
1.740234375
1.72734375
1.740234375
1.740234375
1.740234375
1.740234375
1.72734375
1.740234375
1.740234375
1.72734375
1.740234375
1.740234375
1.740234375
1.740234375
1.740234375
1.740234375
1.740234375
1.740234375
1.740234375
1.740234375
1.740234375
1.740234375
1.740234375
1.740234375
1.740234375
1.740234375
1.740234375
1.740234375
1.740234375
1.7531249999999998
1.7531249999999998
1.740234375
1.740234375
1.7531249999999998
1.740234375
1.740234375
1.7660156249999999
1.740234375
1.740234375
1.740234375
1.7660156249999999
1.7660156249999999
1.740234375
1.7531249999999998
1.7660156249999999
1.7660156249999999
1.740234375
1.7660156249999999
1.740234375
1.7660156249999999
1.7660156249999999
1.740234375
1.7660156249999999
1.7660156249999999
1.7660156249999999
1.7660156249999999
1.7660156249999999
1.77890625
1.77890625
1.77890625
1.740234375
1.7660156249999999
1.77890625
1.791796875
1.7660156249999999
1.791796875
1.7660156249999999
1.8046875
1.77890625
1.77890625
1.77890625
1.7660156249999999
1.77890625
1.77890625
1.791796875
1.791796875
1.791796875
1.791796875
1.8046875
1.791796875
1.8046875
1.791796875
1.791796875
1.8046875
1.8046875
1.8046875
1.8046875
1.791796875
1.8046875
1.8046875
1.8046875
1.8046875
1.791796875
1.791796875
1.8046875
1.8046875
1.8046875
1.791796875
1.8175781249999998
1.8175781249999998
1.8046875
1.8046875
1.8046875
1.8046875
1.8046875
1.8046875
1.8304687499999999
1.8175781249999998
1.8046875
1.8175781249999998
1.8046875
1.8304687499999999
1.8046875
1.791796875
1.8175781249999998
1.8304687499999999
1.8175781249999998
1.8304687499999999
1.8175781249999998
1.8175781249999998
1.8304687499999999
1.8046875
1.8304687499999999
1.8304687499999999
1.8304687499999999
1.8175781249999998
1.8175781249999998
1.8175781249999998
1.8304687499999999
1.8304687499999999
1.8304687499999999
1.8175781249999998
1.8175781249999998
1.8304687499999999
1.8304687499999999
1.8304687499999999
1.843359375
1.8304687499999999
1.8304687499999999
1.843359375
1.843359375
1.843359375
1.8304687499999999
1.8304687499999999
1.843359375
1.843359375
1.740234375
1.843359375
1.843359375
1.843359375
1.843359375
1.843359375
1.8304687499999999
1.8304687499999999
1.843359375
1.843359375
1.843359375
1.843359375
1.8304687499999999
1.843359375
1.843359375
1.843359375
1.843359375
1.843359375
1.843359375
1.843359375
1.843359375
1.843359375
1.843359375
1.843359375
1.843359375
1.843359375
1.85625
1.843359375
1.843359375
1.843359375
1.843359375
1.843359375
1.843359375
1.843359375
1.843359375
1.843359375
1.843359375
1.843359375
1.843359375
1.843359375
1.843359375
1.843359375
1.843359375
1.843359375
1.843359375
1.843359375
1.869140625
1.843359375
1.869140625
1.869140625
1.843359375
1.843359375
1.843359375
1.8820312499999998
1.843359375
1.843359375
1.85625
1.8820312499999998
1.869140625
1.843359375
1.843359375
1.85625
1.8949218749999999
1.843359375
1.869140625
1.8820312499999998
1.869140625
1.843359375
1.8820312499999998
1.8949218749999999
1.8949218749999999
1.8820312499999998
1.8820312499999998
1.8949218749999999
1.869140625
1.8949218749999999
1.8949218749999999
1.920703125
1.843359375
1.8949218749999999
1.8820312499999998
1.8949218749999999
1.9078125
1.8820312499999998
1.8949218749999999
1.9078125
1.8820312499999998
1.8949218749999999
1.8949218749999999
1.8820312499999998
1.9078125
1.9078125
1.8820312499999998
1.9078125
1.9078125
1.9078125
1.9078125
1.8949218749999999
1.8949218749999999
1.9078125
1.8949218749999999
1.8949218749999999
1.920703125
1.9078125
1.8949218749999999
1.920703125
1.920703125
1.9078125
1.920703125
1.920703125
1.9078125
1.9078125
1.920703125
1.920703125
1.9078125
1.9078125
1.8949218749999999
1.920703125
1.93359375
1.93359375
1.93359375
1.9593749999999999
1.920703125
1.920703125
1.93359375
1.920703125
1.93359375
1.93359375
1.920703125
1.920703125
1.93359375
1.9078125
1.920703125
1.93359375
1.93359375
1.93359375
1.93359375
1.93359375
1.9593749999999999
1.9464843749999998
1.93359375
1.93359375
1.93359375
1.93359375
1.920703125
1.920703125
1.920703125
1.9464843749999998
1.93359375
1.9593749999999999
1.9464843749999998
1.9593749999999999
1.920703125
1.9464843749999998
1.9593749999999999
1.9464843749999998
1.9464843749999998
1.9464843749999998
1.93359375
1.9593749999999999
1.972265625
1.9464843749999998
1.9593749999999999
1.9593749999999999
1.9593749999999999
1.9464843749999998
1.9593749999999999
1.9593749999999999
1.9464843749999998
1.9593749999999999
1.9464843749999998
1.9464843749999998
1.9593749999999999
1.972265625
1.9464843749999998
1.9593749999999999
1.9464843749999998
1.972265625
1.972265625
1.9593749999999999
1.9593749999999999
1.9593749999999999
1.972265625
1.9593749999999999
1.9593749999999999
1.9593749999999999
1.972265625
1.972265625
1.9593749999999999
1.972265625
1.9593749999999999
1.972265625
1.972265625
1.972265625
1.98515625
1.972265625
1.9593749999999999
1.98515625
1.98515625
1.98515625
1.972265625
1.98515625
1.972265625
1.98515625
1.972265625
1.9593749999999999
1.972265625
1.98515625
1.98515625
1.972265625
1.98515625
1.98515625
1.998046875
1.972265625
1.98515625
1.98515625
1.9593749999999999
2.0109375
1.98515625
1.972265625
1.98515625
1.998046875
1.998046875
1.972265625
1.998046875
1.998046875
1.972265625
1.972265625
1.998046875
1.98515625
1.998046875
1.998046875
1.998046875
1.998046875
1.998046875
1.998046875
2.0109375
2.0109375
2.0109375
1.998046875
2.0109375
2.0109375
2.0109375
1.998046875
2.0109375
2.0109375
2.0109375
2.023828125
2.0109375
2.0109375
1.998046875
1.998046875
2.0109375
1.998046875
1.998046875
2.0109375
2.0109375
2.0109375
2.023828125
2.023828125
2.0109375
2.03671875
2.03671875
2.0109375
2.0109375
2.023828125
2.023828125
2.0109375
2.023828125
2.023828125
2.0109375
2.0109375
2.0109375
2.0109375
2.03671875
2.03671875
2.03671875
2.023828125
2.023828125
2.03671875
2.03671875
2.03671875
2.03671875
2.03671875
2.03671875
2.03671875
2.023828125
2.023828125
2.03671875
2.023828125
2.0496093749999997
2.03671875
2.03671875
2.023828125
2.023828125
2.0496093749999997
2.03671875
2.023828125
2.03671875
2.0496093749999997
2.0496093749999997
2.03671875
2.0496093749999997
2.0496093749999997
2.03671875
2.03671875
2.0496093749999997
2.0496093749999997
2.03671875
2.0496093749999997
2.0496093749999997
2.0496093749999997
2.03671875
2.0496093749999997
2.0496093749999997
2.0496093749999997
2.03671875
2.03671875
2.0496093749999997
2.0496093749999997
2.0496093749999997
2.0496093749999997
2.0496093749999997
2.0496093749999997
2.0496093749999997
2.0496093749999997
2.0496093749999997
2.0496093749999997
2.0496093749999997
2.0496093749999997
2.0496093749999997
2.0496093749999997
2.0496093749999997
2.0496093749999997
2.0496093749999997
2.0496093749999997
2.0496093749999997
2.0496093749999997
2.0496093749999997
2.0496093749999997
2.0496093749999997
2.0496093749999997
2.0496093749999997
2.0496093749999997
2.0496093749999997
2.0496093749999997
2.0496093749999997
2.0496093749999997
2.0496093749999997
2.0496093749999997
2.0496093749999997
2.0496093749999997
2.0496093749999997
2.0496093749999997
2.0496093749999997
2.0496093749999997
2.0496093749999997
2.0496093749999997
2.0496093749999997
2.0496093749999997
2.0496093749999997
2.0496093749999997
2.0496093749999997
2.0496093749999997
2.0496093749999997
2.0496093749999997
2.0496093749999997
2.0496093749999997
2.0496093749999997
2.0496093749999997
2.0496093749999997
2.0496093749999997
2.0496093749999997
2.0496093749999997
2.08828125
2.0496093749999997
2.0496093749999997
2.0496093749999997
2.08828125
2.0496093749999997
2.0496093749999997
2.0496093749999997
2.101171875
2.0496093749999997
2.08828125
2.0496093749999997
2.0496093749999997
2.0496093749999997
2.0496093749999997
2.0496093749999997
2.0496093749999997
2.0496093749999997
2.08828125
2.101171875
2.0496093749999997
2.101171875
2.0496093749999997
2.08828125
2.0496093749999997
2.0496093749999997
2.0496093749999997
2.0496093749999997
2.0496093749999997
2.0496093749999997
2.0496093749999997
2.101171875
2.0496093749999997
2.08828125
2.0496093749999997
2.101171875
2.08828125
2.0496093749999997
2.0496093749999997
2.0496093749999997
2.101171875
2.101171875
2.101171875
2.101171875
2.1140624999999997
2.1140624999999997
2.101171875
2.0496093749999997
2.1140624999999997
2.1140624999999997
2.101171875
2.101171875
2.1140624999999997
2.1140624999999997
2.101171875
2.101171875
2.101171875
2.1140624999999997
2.101171875
2.1140624999999997
2.1140624999999997
2.1140624999999997
2.1140624999999997
2.1140624999999997
2.126953125
2.101171875
2.1140624999999997
2.1140624999999997
2.126953125
2.101171875
2.1140624999999997
2.101171875
2.101171875
2.101171875
2.126953125
2.126953125
2.126953125
2.126953125
2.1140624999999997
2.126953125
2.101171875
2.126953125
2.126953125
2.101171875
2.126953125
2.126953125
2.126953125
2.1140624999999997
2.101171875
2.126953125
2.1140624999999997
2.13984375
2.126953125
2.126953125
2.13984375
2.13984375
2.1140624999999997
2.126953125
2.13984375
2.13984375
2.13984375
2.126953125
2.126953125
2.126953125
2.13984375
2.126953125
2.126953125
2.126953125
2.13984375
2.152734375
2.13984375
2.152734375
2.126953125
2.152734375
2.13984375
2.126953125
2.126953125
2.13984375
2.13984375
2.13984375
2.13984375
2.152734375
2.152734375
2.13984375
2.13984375
2.152734375
2.152734375
2.152734375
2.13984375
2.152734375
2.13984375
2.152734375
2.152734375
2.13984375
2.152734375
2.152734375
2.152734375
2.152734375
2.152734375
2.152734375
2.152734375
2.152734375
2.13984375
2.152734375
2.152734375
2.152734375
2.13984375
2.152734375
2.165625
2.13984375
2.165625
2.152734375
2.165625
2.152734375
2.165625
2.152734375
2.152734375
2.152734375
2.152734375
2.165625
2.152734375
2.13984375
2.165625
2.152734375
2.152734375
2.165625
2.152734375
2.152734375
2.152734375
2.165625
2.152734375
2.165625
2.152734375
2.165625
2.152734375
2.152734375
2.165625
2.152734375
2.1785156249999997
2.152734375
2.1785156249999997
2.1785156249999997
2.1785156249999997
2.1785156249999997
2.165625
2.152734375
2.165625
2.165625
2.165625
2.152734375
2.1785156249999997
2.1785156249999997
2.1785156249999997
2.19140625
2.1785156249999997
2.1785156249999997
2.1785156249999997
2.152734375
2.1785156249999997
2.1785156249999997
2.1785156249999997
2.204296875
2.1785156249999997
2.1785156249999997
2.152734375
2.19140625
2.1785156249999997
2.19140625
2.1785156249999997
2.2171875
2.19140625
2.1785156249999997
2.19140625
2.19140625
2.1785156249999997
2.19140625
2.19140625
2.1785156249999997
2.1785156249999997
2.19140625
2.19140625
2.1785156249999997
2.204296875
2.1785156249999997
2.1785156249999997
2.19140625
2.19140625
2.1785156249999997
2.19140625
2.2171875
2.204296875
2.204296875
2.204296875
2.2171875
2.1785156249999997
2.2171875
2.204296875
2.19140625
2.1785156249999997
2.2171875
2.204296875
2.19140625
2.19140625
2.2171875
2.19140625
2.19140625
2.2171875
2.2171875
2.204296875
2.204296875
2.2171875
2.19140625
2.204296875
2.2171875
2.2171875
2.204296875
2.2171875
2.2171875
2.2171875
2.230078125
2.2171875
2.2171875
2.204296875
2.2171875
2.2429687499999997
2.204296875
2.204296875
2.204296875
2.204296875
2.2171875
2.2171875
2.2171875
2.204296875
2.230078125
2.2429687499999997
2.2171875
2.2171875
2.2171875
2.204296875
2.19140625
2.2171875
2.230078125
2.2171875
2.2171875
2.2171875
2.230078125
2.230078125
2.2171875
2.230078125
2.204296875
2.2171875
2.230078125
2.2429687499999997
2.2171875
2.230078125
2.2171875
2.2429687499999997
2.2171875
2.2429687499999997
2.230078125
2.2171875
2.230078125
2.230078125
2.230078125
2.2429687499999997
2.2429687499999997
2.230078125
2.230078125
2.2429687499999997
2.2429687499999997
2.2429687499999997
2.2429687499999997
2.230078125
2.230078125
2.2429687499999997
2.2429687499999997
2.2429687499999997
2.230078125
2.2429687499999997
2.2429687499999997
2.2429687499999997
2.2429687499999997
2.2429687499999997
2.26875
2.2429687499999997
2.230078125
2.2171875
2.230078125
2.230078125
2.26875
2.26875
2.230078125
2.26875
2.26875
2.255859375
2.26875
2.230078125
2.255859375
2.26875
2.26875
2.26875
2.26875
2.2429687499999997
2.26875
2.255859375
2.255859375
2.255859375
2.26875
2.255859375
2.26875
2.26875
2.2429687499999997
2.26875
2.26875
2.26875
2.2429687499999997
2.26875
2.255859375
2.255859375
2.255859375
2.26875
2.26875
2.26875
2.26875
2.26875
2.26875
2.26875
2.26875
2.26875
2.26875
2.26875
2.26875
2.2429687499999997
2.26875
2.26875
2.26875
2.26875
2.26875
2.26875
2.26875
2.26875
2.26875
2.26875
2.26875
2.255859375
2.26875
2.26875
2.26875
2.26875
2.26875
2.26875
2.255859375
2.26875
2.26875
2.281640625
2.26875
2.26875
2.26875
2.281640625
2.26875
2.26875
2.26875
2.26875
2.26875
2.26875
2.281640625
2.281640625
2.26875
2.26875
2.26875
2.26875
2.26875
2.26875
2.26875
2.26875
2.281640625
2.26875
2.26875
2.281640625
2.26875
2.281640625
2.281640625
2.281640625
2.281640625
2.26875
2.26875
2.281640625
2.26875
2.281640625
2.281640625
2.26875
2.281640625
2.281640625
2.281640625
2.26875
2.281640625
2.26875
2.281640625
2.281640625
2.281640625
2.281640625
2.29453125
2.281640625
2.29453125
2.29453125
2.26875
2.29453125
2.26875
2.26875
2.281640625
2.3074218749999997
2.29453125
2.29453125
2.281640625
2.281640625
2.281640625
2.281640625
2.281640625
2.281640625
2.281640625
2.29453125
2.29453125
2.26875
2.281640625
2.29453125
2.281640625
2.3074218749999997
2.281640625
2.281640625
2.281640625
2.281640625
2.29453125
2.3074218749999997
2.281640625
2.29453125
2.29453125
2.29453125
2.281640625
2.281640625
2.3074218749999997
2.3074218749999997
2.29453125
2.3074218749999997
2.29453125
2.3203125
2.29453125
2.281640625
2.29453125
2.29453125
2.3074218749999997
2.3074218749999997
2.3074218749999997
2.281640625
2.3074218749999997
2.3074218749999997
2.3074218749999997
2.29453125
2.3074218749999997
2.29453125
2.3074218749999997
2.3074218749999997
2.3074218749999997
2.281640625
2.3203125
2.3074218749999997
2.3074218749999997
2.3203125
2.3203125
2.3203125
2.3203125
2.3074218749999997
2.3074218749999997
2.3074218749999997
2.3074218749999997
2.29453125
2.3203125
2.3074218749999997
2.3203125
2.3074218749999997
2.3203125
2.3203125
2.3074218749999997
2.3203125
2.29453125
2.3203125
2.3074218749999997
2.3074218749999997
2.3203125
2.3074218749999997
2.3203125
2.3074218749999997
2.3074218749999997
2.3203125
2.3203125
2.3074218749999997
2.3074218749999997
2.3203125
2.3203125
2.3203125
2.333203125
2.333203125
2.3203125
2.3203125
2.3203125
2.3203125
2.3074218749999997
2.333203125
2.3203125
2.333203125
2.3074218749999997
2.3074218749999997
2.333203125
2.333203125
2.3203125
2.3074218749999997
2.3074218749999997
2.3203125
2.34609375
2.3203125
2.3074218749999997
2.333203125
2.3074218749999997
2.3203125
2.3203125
2.34609375
2.34609375
2.333203125
2.333203125
2.333203125
2.34609375
2.333203125
2.358984375
2.358984375
2.333203125
2.3203125
2.3203125
2.34609375
2.34609375
2.3203125
2.3203125
2.333203125
2.34609375
2.333203125
2.333203125
2.3203125
2.333203125
2.333203125
2.3203125
2.34609375
2.34609375
2.34609375
2.333203125
2.3718749999999997
2.3203125
2.3718749999999997
2.34609375
2.333203125
2.333203125
2.358984375
2.358984375
2.34609375
2.358984375
2.3718749999999997
2.3718749999999997
2.3718749999999997
2.3718749999999997
2.34609375
2.358984375
2.34609375
2.34609375
2.3718749999999997
2.358984375
2.333203125
2.358984375
2.3718749999999997
2.358984375
2.34609375
2.34609375
2.34609375
2.3718749999999997
2.358984375
2.34609375
2.3718749999999997
2.34609375
2.34609375
2.3718749999999997
2.358984375
2.34609375
2.34609375
2.358984375
2.3718749999999997
2.34609375
2.34609375
2.3718749999999997
2.358984375
2.34609375
2.34609375
2.3718749999999997
2.3718749999999997
2.3718749999999997
2.358984375
2.358984375
2.3718749999999997
2.3718749999999997
2.3718749999999997
2.3718749999999997
2.358984375
2.34609375
2.3718749999999997
2.384765625
2.34609375
2.3718749999999997
2.3718749999999997
2.358984375
2.3718749999999997
2.3718749999999997
2.3718749999999997
2.358984375
2.358984375
2.3718749999999997
2.4749999999999996
2.3718749999999997
2.3718749999999997
2.3718749999999997
2.358984375
2.384765625
2.358984375
2.358984375
2.3718749999999997
2.384765625
2.3718749999999997
2.3718749999999997
2.358984375
2.3718749999999997
2.3718749999999997
2.3718749999999997
2.3718749999999997
2.3718749999999997
2.3718749999999997
2.3718749999999997
2.384765625
2.384765625
2.3718749999999997
2.3718749999999997
2.384765625
2.3718749999999997
2.3718749999999997
2.3718749999999997
2.3718749999999997
2.3718749999999997
2.3718749999999997
2.3718749999999997
2.3718749999999997
2.3718749999999997
2.384765625
2.39765625
2.4749999999999996
2.3718749999999997
2.3718749999999997
2.4749999999999996
2.4749999999999996
2.384765625
2.3718749999999997
2.3718749999999997
2.3718749999999997
2.384765625
2.3718749999999997
2.384765625
2.4749999999999996
2.384765625
2.384765625
2.3718749999999997
2.384765625
2.384765625
2.3718749999999997
2.4749999999999996
2.39765625
2.3718749999999997
2.384765625
2.4749999999999996
2.4749999999999996
2.384765625
2.384765625
2.4749999999999996
2.39765625
2.39765625
2.4749999999999996
2.384765625
2.4749999999999996
2.4749999999999996
2.384765625
2.39765625
2.384765625
2.4749999999999996
2.4749999999999996
2.4749999999999996
2.4749999999999996
2.39765625
2.4749999999999996
2.384765625
2.39765625
2.39765625
2.4749999999999996
2.384765625
2.384765625
2.4749999999999996
2.4749999999999996
2.4749999999999996
2.39765625
2.39765625
2.4749999999999996
2.39765625
2.384765625
2.39765625
2.384765625
2.384765625
2.4749999999999996
2.4749999999999996
2.4749999999999996
2.4749999999999996
2.4749999999999996
2.384765625
2.39765625
2.4749999999999996
2.4749999999999996
2.39765625
2.384765625
2.4749999999999996
2.4749999999999996
2.4749999999999996
2.4749999999999996
2.4749999999999996
2.39765625
2.4749999999999996
2.4749999999999996
2.4749999999999996
2.4749999999999996
2.4749999999999996
2.4749999999999996
2.4749999999999996
2.39765625
2.4749999999999996
2.4234375
2.410546875
2.4749999999999996
2.4749999999999996
2.4749999999999996
2.4749999999999996
2.4749999999999996
2.4749999999999996
2.4749999999999996
2.4234375
2.4749999999999996
2.4749999999999996
2.4749999999999996
2.4749999999999996
2.4749999999999996
2.4749999999999996
2.4749999999999996
2.4749999999999996
2.4749999999999996
2.4749999999999996
2.4749999999999996
2.4749999999999996
2.4749999999999996
2.4749999999999996
2.4749999999999996
2.4749999999999996
2.4749999999999996
2.4749999999999996
2.4749999999999996
2.4749999999999996
2.4749999999999996
2.4749999999999996
2.4749999999999996
2.4749999999999996
2.4749999999999996
2.4749999999999996
2.4749999999999996
2.4749999999999996
2.4749999999999996
2.4234375
2.4749999999999996
2.4749999999999996
2.4749999999999996
2.4749999999999996
2.4749999999999996
2.4749999999999996
2.4749999999999996
2.4749999999999996
2.4749999999999996
2.4749999999999996
2.4749999999999996
2.4749999999999996
2.4749999999999996
2.4749999999999996
2.4749999999999996
2.4749999999999996
2.4749999999999996
2.4749999999999996
2.4749999999999996
2.4749999999999996
2.4749999999999996
2.4749999999999996
2.4749999999999996
2.4749999999999996
2.44921875
2.4749999999999996
2.4749999999999996
2.4749999999999996
2.4749999999999996
2.4749999999999996
2.4749999999999996
2.4749999999999996
2.4749999999999996
2.4749999999999996
2.4749999999999996
2.4749999999999996
2.4749999999999996
2.4749999999999996
2.4749999999999996
2.4749999999999996
2.4749999999999996
2.4749999999999996
2.4749999999999996
2.4749999999999996
2.4749999999999996
2.4749999999999996
2.4749999999999996
2.4749999999999996
2.4749999999999996
2.4749999999999996
2.4749999999999996
2.4749999999999996
2.4749999999999996
2.4749999999999996
2.4749999999999996
2.4749999999999996
2.4749999999999996
2.4749999999999996
2.4749999999999996
2.4749999999999996
2.4749999999999996
2.4749999999999996
2.4749999999999996
2.4749999999999996
2.4749999999999996
2.4749999999999996
2.4749999999999996
2.4749999999999996
2.4749999999999996
2.4749999999999996
2.4749999999999996
2.4749999999999996
2.4749999999999996
2.4749999999999996
2.4749999999999996
2.4749999999999996
2.4749999999999996
2.4749999999999996
2.4749999999999996
2.4749999999999996
2.4749999999999996
2.4749999999999996
2.4749999999999996
2.4749999999999996
2.4749999999999996
2.4749999999999996
2.4749999999999996
2.4749999999999996
2.4749999999999996
2.4749999999999996
2.4749999999999996
2.4749999999999996
2.4749999999999996
2.4749999999999996
2.4749999999999996
2.4749999999999996
2.4749999999999996
2.4749999999999996
2.4749999999999996
2.4749999999999996
2.4749999999999996
2.4749999999999996
2.4749999999999996
2.4749999999999996
2.4749999999999996
2.4749999999999996
2.4749999999999996
2.4749999999999996
2.4749999999999996
2.4749999999999996
2.4749999999999996
2.4749999999999996
2.4749999999999996
2.4749999999999996
2.4749999999999996
2.4749999999999996
2.4749999999999996
2.4749999999999996
2.4749999999999996
2.4749999999999996
2.4749999999999996
2.4749999999999996
2.4749999999999996
2.4749999999999996
2.4749999999999996
2.4749999999999996
2.4749999999999996
2.4749999999999996
2.4749999999999996
2.4749999999999996
2.4749999999999996
2.4749999999999996
2.4749999999999996
2.4749999999999996
2.4749999999999996
2.4749999999999996
2.4749999999999996
2.4749999999999996
2.4749999999999996
2.4749999999999996
2.4749999999999996
2.4749999999999996
2.4749999999999996
2.44921875
2.4749999999999996
2.4749999999999996
2.4749999999999996
2.4749999999999996
2.4749999999999996
2.4749999999999996
2.4749999999999996
2.4749999999999996
2.4749999999999996
2.4749999999999996
2.4749999999999996
2.4749999999999996
2.4749999999999996
2.4749999999999996
2.4749999999999996
2.4749999999999996
2.4749999999999996
2.4749999999999996
2.4749999999999996
2.4749999999999996
2.4749999999999996
2.4749999999999996
2.4749999999999996
2.487890625
2.462109375
2.4749999999999996
2.4749999999999996
2.4749999999999996
2.4749999999999996
2.4749999999999996
2.487890625
2.462109375
2.4749999999999996
2.4749999999999996
2.4749999999999996
2.4749999999999996
2.4749999999999996
2.487890625
2.4749999999999996
2.487890625
2.4749999999999996
2.4749999999999996
2.4749999999999996
2.487890625
2.4749999999999996
2.4749999999999996
2.4749999999999996
2.4749999999999996
2.487890625
2.4749999999999996
2.4749999999999996
2.487890625
2.487890625
2.4749999999999996
2.487890625
2.4749999999999996
2.4749999999999996
2.4749999999999996
2.4749999999999996
2.4749999999999996
2.4749999999999996
2.4749999999999996
2.487890625
2.4749999999999996
2.4749999999999996
2.487890625
2.487890625
2.487890625
2.4749999999999996
2.487890625
2.4749999999999996
2.487890625
2.4749999999999996
2.487890625
2.4749999999999996
2.4749999999999996
2.4749999999999996
2.4749999999999996
2.5007812499999997
2.4749999999999996
2.487890625
2.487890625
2.487890625
2.4749999999999996
2.487890625
2.4749999999999996
2.487890625
2.4749999999999996
2.487890625
2.4749999999999996
2.4749999999999996
2.487890625
2.487890625
2.4749999999999996
2.487890625
2.4749999999999996
2.487890625
2.5007812499999997
2.4749999999999996
2.487890625
2.5007812499999997
2.4749999999999996
2.5007812499999997
2.487890625
2.5007812499999997
2.487890625
2.513671875
2.5007812499999997
2.487890625
2.487890625
2.487890625
2.487890625
2.487890625
2.5007812499999997
2.5007812499999997
2.487890625
2.5007812499999997
2.487890625
2.5007812499999997
2.487890625
2.487890625
2.487890625
2.5007812499999997
2.487890625
2.5007812499999997
2.5007812499999997
2.513671875
2.487890625
2.513671875
2.5007812499999997
2.487890625
2.487890625
2.487890625
2.5007812499999997
2.487890625
2.513671875
2.487890625
2.487890625
2.5007812499999997
2.513671875
2.5007812499999997
2.5007812499999997
2.513671875
2.5007812499999997
2.513671875
2.487890625
2.487890625
2.5007812499999997
2.5007812499999997
2.513671875
2.487890625
2.513671875
2.513671875
2.513671875
2.513671875
2.5007812499999997
2.5007812499999997
2.487890625
2.487890625
2.513671875
2.5007812499999997
2.513671875
2.5007812499999997
2.5007812499999997
2.513671875
2.487890625
2.513671875
2.487890625
2.513671875
2.487890625
2.5007812499999997
2.5007812499999997
2.513671875
2.513671875
2.513671875
2.513671875
2.487890625
2.513671875
2.513671875
2.513671875
2.5265625
2.513671875
2.513671875
2.513671875
2.5007812499999997
2.513671875
2.513671875
2.513671875
2.513671875
2.5007812499999997
2.513671875
2.5265625
2.5007812499999997
2.513671875
2.513671875
2.5265625
2.513671875
2.513671875
2.513671875
2.513671875
2.5265625
2.513671875
2.5265625
2.513671875
2.5007812499999997
2.513671875
2.513671875
2.513671875
2.513671875
2.513671875
2.513671875
2.5265625
2.5265625
2.513671875
2.513671875
2.513671875
2.5265625
2.513671875
2.5265625
2.513671875
2.513671875
2.5265625
2.513671875
2.5265625
2.513671875
2.5265625
2.513671875
2.5265625
2.513671875
2.513671875
2.5265625
2.513671875
2.513671875
2.513671875
2.5265625
2.513671875
2.513671875
2.513671875
2.513671875
2.5394531249999996
2.513671875
2.513671875
2.513671875
2.513671875
2.513671875
2.5394531249999996
2.5265625
2.513671875
2.5265625
2.513671875
2.5265625
2.513671875
2.5394531249999996
2.5265625
2.5265625
2.5265625
2.513671875
2.513671875
2.5394531249999996
2.5265625
2.513671875
2.513671875
2.513671875
2.5265625
2.513671875
2.5394531249999996
2.5394531249999996
2.5394531249999996
2.5265625
2.513671875
2.513671875
2.5394531249999996
2.5265625
2.5265625
2.5265625
2.513671875
2.513671875
2.513671875
2.513671875
2.5265625
2.55234375
2.5265625
2.5394531249999996
2.5394531249999996
2.5394531249999996
2.55234375
2.5265625
2.5394531249999996
2.55234375
2.55234375
2.5394531249999996
2.55234375
2.55234375
2.5394531249999996
2.5265625
2.55234375
2.5394531249999996
2.5394531249999996
2.5265625
2.55234375
2.5265625
2.5394531249999996
2.5394531249999996
2.55234375
2.5265625
2.55234375
2.5394531249999996
2.5394531249999996
2.5265625
2.5394531249999996
2.5652343749999997
2.55234375
2.5394531249999996
2.55234375
2.55234375
2.55234375
2.5652343749999997
2.5652343749999997
2.55234375
2.5394531249999996
2.55234375
2.5394531249999996
2.55234375
2.55234375
2.55234375
2.55234375
2.5394531249999996
2.55234375
2.55234375
2.5652343749999997
2.5394531249999996
2.55234375
2.55234375
2.5652343749999997
2.5652343749999997
2.55234375
2.5652343749999997
2.5652343749999997
2.55234375
2.55234375
2.5394531249999996
2.5652343749999997
2.55234375
2.5652343749999997
2.5652343749999997
2.5652343749999997
2.55234375
2.5652343749999997
2.5394531249999996
2.5652343749999997
2.55234375
2.5652343749999997
2.55234375
2.5394531249999996
2.5394531249999996
2.55234375
2.5652343749999997
2.5394531249999996
2.55234375
2.5394531249999996
2.55234375
2.5652343749999997
2.55234375
2.55234375
2.55234375
2.5652343749999997
2.5652343749999997
2.5652343749999997
2.5652343749999997
2.55234375
2.55234375
2.5652343749999997
2.55234375
2.5652343749999997
2.55234375
2.5652343749999997
2.55234375
2.5652343749999997
2.55234375
2.5652343749999997
2.55234375
2.55234375
2.55234375
2.5652343749999997
2.55234375
2.5652343749999997
2.5652343749999997
2.5652343749999997
2.55234375
2.5652343749999997
2.55234375
2.5652343749999997
2.55234375
2.5652343749999997
2.5652343749999997
2.5652343749999997
2.5652343749999997
2.5652343749999997
2.55234375
2.5394531249999996
2.5652343749999997
2.55234375
2.5652343749999997
2.5652343749999997
2.5652343749999997
2.5652343749999997
2.5652343749999997
2.5652343749999997
2.5652343749999997
2.55234375
2.5652343749999997
2.55234375
2.5394531249999996
2.5652343749999997
2.5652343749999997
2.5652343749999997
2.5652343749999997
2.5652343749999997
2.5652343749999997
2.55234375
2.5652343749999997
2.55234375
2.5652343749999997
2.55234375
2.5652343749999997
2.55234375
2.5652343749999997
2.5652343749999997
2.55234375
2.5652343749999997
2.5652343749999997
2.5652343749999997
2.5652343749999997
2.5652343749999997
2.5652343749999997
2.55234375
2.5652343749999997
2.578125
2.5652343749999997
2.5652343749999997
2.5652343749999997
2.5652343749999997
2.578125
2.578125
2.5652343749999997
2.5652343749999997
2.5652343749999997
2.5652343749999997
2.5652343749999997
2.5652343749999997
2.5652343749999997
2.5652343749999997
2.578125
2.5652343749999997
2.591015625
2.578125
2.5652343749999997
2.5652343749999997
2.5652343749999997
2.578125
2.5652343749999997
2.578125
2.5652343749999997
2.5652343749999997
2.5652343749999997
2.5652343749999997
2.5652343749999997
2.591015625
2.5652343749999997
2.5652343749999997
2.578125
2.578125
2.5652343749999997
2.5652343749999997
2.578125
2.578125
2.5652343749999997
2.5652343749999997
2.578125
2.591015625
2.578125
2.5652343749999997
2.5652343749999997
2.5652343749999997
2.591015625
2.578125
2.578125
2.591015625
2.5652343749999997
2.578125
2.5652343749999997
2.591015625
2.591015625
2.591015625
2.5652343749999997
2.5652343749999997
2.5652343749999997
2.5652343749999997
2.5652343749999997
2.578125
2.591015625
2.578125
2.578125
2.591015625
2.5652343749999997
2.5652343749999997
2.5652343749999997
2.578125
2.6039062499999996
2.5652343749999997
2.5652343749999997
2.578125
2.5652343749999997
2.578125
2.591015625
2.591015625
2.591015625
2.591015625
2.5652343749999997
2.591015625
2.578125
2.5652343749999997
2.591015625
2.578125
2.5652343749999997
2.5652343749999997
2.591015625
2.591015625
2.591015625
2.6039062499999996
2.5652343749999997
2.578125
2.578125
2.5652343749999997
2.591015625
2.591015625
2.578125
2.6039062499999996
2.6039062499999996
2.591015625
2.578125
2.6039062499999996
2.6039062499999996
2.591015625
2.578125
2.5652343749999997
2.591015625
2.6039062499999996
2.6039062499999996
2.591015625
2.5652343749999997
2.578125
2.591015625
2.6039062499999996
2.5652343749999997
2.591015625
2.5652343749999997
2.578125
2.5652343749999997
2.5652343749999997
2.591015625
2.6039062499999996
2.6039062499999996
2.6039062499999996
2.5652343749999997
2.591015625
2.6039062499999996
2.6039062499999996
2.616796875
2.591015625
2.591015625
2.616796875
2.6039062499999996
2.6039062499999996
2.591015625
2.591015625
2.5652343749999997
2.6039062499999996
2.6039062499999996
2.6039062499999996
2.5652343749999997
2.6296874999999997
2.5652343749999997
2.6039062499999996
2.6039062499999996
2.6039062499999996
2.6039062499999996
2.591015625
2.616796875
2.6039062499999996
2.591015625
2.6039062499999996
2.591015625
2.591015625
2.591015625
2.616796875
2.591015625
2.591015625
2.591015625
2.6039062499999996
2.591015625
2.616796875
2.591015625
2.6039062499999996
2.591015625
2.591015625
2.616796875
2.6039062499999996
2.6039062499999996
2.616796875
2.6296874999999997
2.6039062499999996
2.591015625
2.591015625
2.591015625
2.6039062499999996
2.6039062499999996
2.616796875
2.6039062499999996
2.6039062499999996
2.591015625
2.6039062499999996
2.591015625
2.6039062499999996
2.591015625
2.6039062499999996
2.616796875
2.616796875
2.6039062499999996
2.591015625
2.616796875
2.591015625
2.6039062499999996
2.616796875
2.6039062499999996
2.6039062499999996
2.616796875
2.591015625
2.6039062499999996
2.6296874999999997
2.591015625
2.616796875
2.6039062499999996
2.616796875
2.616796875
2.616796875
2.6296874999999997
2.6039062499999996
2.616796875
2.616796875
2.6039062499999996
2.616796875
2.6039062499999996
2.6296874999999997
2.616796875
2.6296874999999997
2.6039062499999996
2.616796875
2.6296874999999997
2.6296874999999997
2.6296874999999997
2.616796875
2.616796875
2.616796875
2.616796875
2.616796875
2.616796875
2.6296874999999997
2.616796875
2.6296874999999997
2.6039062499999996
2.6296874999999997
2.6296874999999997
2.6296874999999997
2.6296874999999997
2.6296874999999997
2.6296874999999997
2.6296874999999997
2.6296874999999997
2.616796875
2.6296874999999997
2.6296874999999997
2.6296874999999997
2.616796875
2.6296874999999997
2.6296874999999997
2.616796875
2.616796875
2.6296874999999997
2.642578125